[[0.0, 180.41009525102103, 153.8237621342739, 128.15601881667973, 258.03903683654784, 135.44498797374098, 244.9319495383454, 272.5557130437233, 167.12289556237923, 328.35175874565755, 242.50062242971626, 264.44206096409084, 359.9033360155959, 221.86450285511754, 361.81704461293936, 339.6759445673304, 273.57827809005164, 419.355966422509, 297.4082008788271, 370.1947496324107, 422.3529997373709, 296.13991087862365, 451.6522313617161, 382.40946054569963, 366.85204647408233, 484.7471794510263, 344.70586003794136, 460.16126882699825, 464.0361545131179, 369.2434258264141, 523.1762824588793, 414.77604160678095, 452.9301292336663, 531.9859931995625, 393.6149531972911, 537.543759900136, 492.76787685507406, 443.3793379912561, 579.3055011369204, 444.87647896107455, 532.4185315383614, 565.1384679784355, 447.9394616458768, 602.9422397657632, 514.34606858276, 517.7523398567914, 621.6895938928552, 478.3882354896952, 604.4036424611636, 587.7097243686726, 508.2106209289956, 656.3486352204305, 534.0412559521359, 590.3999793588207, 651.9438619626986, 518.7856352519653, 667.6062857881085, 603.4318028500871, 572.9236000602265, 697.8706900408869, 556.6137468635031, 659.0150458906595, 672.1321176759286, 567.2148777543706, 720.8854378390148, 616.4197135790471, 639.5225240800089, 728.0815032803338, 585.768593628799, 721.3773728868758, 684.9675753358996, 622.7622247613855, 763.5168909572416, 630.9411117512519, 705.101526077804, 748.2159698541416, 623.5331343822444, 775.6101149634936, 693.8260508997275, 683.1003296416534, 795.3735648452976, 650.8714995741294, 766.8469973114439, 760.2738937978672, 669.9839092162703, 820.3516491487753, 702.5563362823717, 113.3691983732805, 817.0504974166666, 678.9912058005712, 822.3060637489766, 767.0284498193429, 723.491603465291, 854.8830360827312, 715.052621856762, 805.9270788040797, 829.9440650939763, 716.4233541985473, 869.5576322167913, 771.9031847645688], [180.41009525102103, 0.0, 234.77451319256298, 187.70948477039562, 142.0286115332317, 307.997871679485, 131.1100554391432, 278.0139212538762, 308.91734342564644, 151.75675093673743, 372.4180870199559, 251.04166131307022, 276.5257771152264, 401.25032402396977, 200.81518585287526, 396.0351233754868, 362.2037375876293, 263.20136236155133, 461.7760485961472, 288.8203684020879, 388.62802424733627, 456.06994084241694, 271.9585899457263, 489.0751877642137, 391.0688099799136, 365.11526244543, 524.6052511493274, 324.10789707137144, 485.83326992965465, 488.21818183311154, 349.2622881426743, 562.6879495190863, 409.58458475528533, 461.0011824798027, 566.9830678559402, 367.3679814207929, 569.5377653677294, 505.4262000731094, 431.7935932975211, 618.7068219360674, 427.63494666674785, 550.088419197955, 592.639450185368, 422.6056692429179, 639.4027748504036, 514.3169650602613, 516.5353605536566, 658.2788030562141, 453.1124908399176, 630.4916030032464, 605.2613593592067, 489.06217141652144, 694.8182427103923, 521.7082725210549, 599.9229843978454, 682.8491480710171, 491.0312573752895, 700.1974420884499, 609.2511313656356, 563.2761790837645, 735.5136147669048, 534.4023928888566, 678.4810248746857, 694.6199236878145, 542.6310454108786, 757.5110285821531, 609.9405023859297, 640.8248825929761, 761.8914827948554, 558.0441266199956, 749.1204941632377, 696.8034882972158, 605.7896016021073, 801.3184818258509, 613.3326872883606, 717.3072339548206, 775.2498125753916, 595.6938094445665, 809.3150271339051, 693.7177621914686, 676.405493974547, 831.2746760223512, 625.2627702127891, 788.784971500489, 777.9408369896391, 647.1358067779267, 857.2346885297605, 94.290348383152, 749.7380700499017, 847.9547064457178, 650.0804728280946, 851.9750177246837, 773.4568190232145, 709.4170322878764, 891.8644989402319, 693.2745141531847, 821.2338362831083, 852.9792603459325, 689.4569520562121, 904.3564954148904], [153.8237621342739, 234.77451319256298, 0.0, 278.3797859673792, 216.48542858355626, 156.71069018949564, 348.94169753565166, 132.25237061925816, 306.7025876718269, 339.87276195152356, 143.28756956169164, 408.64377972922034, 261.76221537684967, 289.78157576912497, 435.30606412991386, 187.04922989091176, 424.9385183629301, 382.73720445446935, 258.661828542788, 496.249641114768, 285.63116789833356, 405.95977859148974, 484.2760187859174, 255.26136369599567, 519.8010909071385, 400.9842775124496, 367.0487204772692, 556.9238199232122, 310.5131339398086, 508.01571008333957, 509.2917822390383, 336.1323588948781, 594.6021736654653, 408.51428905203426, 470.0898392357134, 595.6256225715317, 348.7177590872861, 595.99284099233, 517.8074806987288, 425.4295412077867, 650.3484345326677, 416.5940749247606, 566.0571021698001, 615.7316028384361, 404.68065913074815, 668.8636102924288, 516.8802288085985, 518.1565866204727, 687.7789877520474, 435.1909083558537, 652.4214895856609, 620.9392047354612, 476.25372432216096, 725.5802668569911, 514.4206804193451, 609.5521434302996, 708.1578347525424, 470.9317144561528, 726.6903286546417, 616.0116284997493, 558.03235621432, 765.5868513337967, 518.9358381914183, 695.3633332159097, 713.705885867112, 525.1597088297028, 786.8030993391885, 607.0896183544656, 643.9943388230118, 789.1318492694722, 537.9006536433878, 771.9528037009981, 707.8973189450545, 594.5046315003461, 831.3788917973417, 601.5126690423763, 728.627509602204, 797.503633899957, 575.4153917932128, 836.3876845150021, 695.64578108242, 673.2093931260132, 859.9067663576154, 606.8206735417541, 807.2397775366733, 793.2309891460386, 630.9538918292142, 227.22055531769266, 683.2612452804168, 755.1206714570619, 872.9139201180305, 628.8532504613374, 876.0213618110126, 780.2414974478322, 700.2679201007161, 921.18967666238, 677.9056441948308, 834.659989823359, 872.1245165995301, 669.8157199121969], [128.15601881667973, 187.70948477039562, 278.3797859673792, 0.0, 315.92634831305605, 241.90452776186473, 170.84989141957584, 384.8387616891256, 135.64510075342884, 332.58996810361316, 367.605202634376, 138.20291912590218, 440.58943207014727, 273.132395818264, 303.1938185002142, 465.4005026627394, 176.94745874902836, 450.8500065659935, 401.9206722923825, 257.0172655724686, 526.5109286841091, 285.1097346805177, 422.45837149858335, 509.46424458369137, 242.36979013514787, 546.9466706717948, 411.34445249347243, 370.74337764697543, 585.2678318203838, 300.52000527411724, 528.2301834101901, 528.5954270651331, 326.53227997130375, 622.5286362526961, 409.49876218148376, 479.56628311778564, 620.8984050693435, 333.9607953267951, 619.4882876046947, 529.9152431238587, 421.7399631910581, 677.9373033014461, 408.75570577434985, 581.0278952930739, 636.4466746437985, 390.57271331346305, 694.6539994084176, 520.7167990943486, 521.185145894635, 713.5679247355665, 421.0633364370856, 672.1160786400081, 635.5540855037407, 466.7280383142246, 752.3278616114499, 509.73357675172247, 619.1578217918704, 730.5119798335515, 454.77379534673344, 749.9779891004054, 623.1949436955581, 555.0521370536798, 791.7191733841759, 506.96282515833065, 710.8366645618253, 730.9634144326429, 511.36802751724156, 812.274978272026, 606.0955308099071, 648.0874515217088, 812.937722408186, 521.6688749738112, 792.1924660507237, 718.5482613697471, 586.1675171095793, 857.4176367593865, 592.693474254405, 739.4341264933396, 817.235875471705, 559.0408674397937, 859.9991101319974, 698.5970055694346, 671.8098438274026, 884.7571473926444, 592.0873382624368, 823.8422768196505, 807.2403612281569, 95.17782306750341, 911.9054757855832, 678.2261073983564, 760.907975674714, 894.7648456265712, 611.5926591412691, 897.1243300375062, 787.1741525830562, 693.6706170492699, 946.540633529, 665.8603667913428, 847.0699266156607, 889.2160420282685], [258.03903683654784, 142.0286115332317, 216.48542858355626, 315.92634831305605, 0.0, 349.42211817356224, 264.91435446146187, 184.2396618215399, 417.31574807883766, 140.11419771079784, 356.4316852941819, 393.06256742424716, 135.1479000476292, 469.67058788387953, 284.63334472179275, 316.44270231443306, 492.85263632228936, 169.1178073456278, 474.7131279242735, 420.0587676674174, 257.11455850673894, 554.0152456596413, 286.1865433327568, 438.2657011537216, 532.6263501972577, 231.86396316025414, 571.7343383746637, 421.85209035992705, 375.45747193675356, 611.0246442567448, 292.806372191424, 547.089220866798, 546.6698981624128, 319.1697585923489, 647.869723154013, 411.7304020977678, 489.1950611009086, 643.9675856482788, 321.6644396619896, 641.0354844898759, 541.7619102208074, 419.7288102118675, 702.9110433162256, 402.9509412760652, 595.2855180155176, 655.5839047200075, 378.89030849027273, 718.0681721070257, 525.3136040708713, 525.063740833082, 736.9578709200905, 409.3500377822907, 690.3303381648993, 649.4292348890948, 459.2955583949193, 776.4925749661603, 506.6929920061564, 628.6940803613207, 750.9419227587465, 441.11986253056796, 771.1866522486483, 630.6018769920394, 553.5006434334384, 815.3173707103738, 497.22087880054886, 725.3632551210115, 747.009374610147, 499.92464395804046, 835.289290467116, 606.2674990261858, 652.7376034393448, 834.5270279607344, 507.92760150053175, 810.7433212818115, 728.8759749843323, 579.7123551963374, 880.8758040808685, 585.7909518037392, 749.8747170703058, 835.3267621061666, 545.1536736566262, 881.3804559049273, 702.1773719773032, 671.5437448736079, 907.1780326681678, 579.7222037252346, 839.2293089127589, 221.65935565979535, 607.7095523989827, 934.7470263306268, 674.684213777107, 766.9275941549836, 914.6097058174257, 596.8592073145867, 916.3254148237496, 794.1749497681836, 688.7018265703133, 969.343951749187, 655.940975426826, 858.8018454981438], [135.44498797374098, 307.997871679485, 156.71069018949564, 241.90452776186473, 349.42211817356224, 0.0, 379.95699121497876, 286.0891455273453, 196.9009741859837, 447.2501990977314, 145.12006971681407, 378.6766949986172, 416.77805122829153, 133.4335785227762, 496.6332977299241, 296.04700881727035, 329.4092872146401, 518.3547961454883, 162.8528204477641, 497.0341121363568, 437.3378215016466, 258.3604151965908, 579.5149257695726, 288.3119871996197, 453.4769126143668, 554.284601620013, 223.01915992557505, 594.7992205940237, 432.36787149726536, 380.8137577143167, 634.909729110545, 286.69207613510713, 564.9196581765316, 563.804964413109, 313.3792359853907, 671.347289261139, 414.7936229354859, 498.8623971318033, 665.4366048559231, 311.0953267404901, 661.1596442079372, 553.361332955386, 418.8811948725139, 726.0081886177577, 398.5765514168127, 608.983400551204, 673.5597977950763, 368.91986998117596, 739.7724389081375, 530.4078440915316, 529.5063029708515, 758.6239742764509, 399.34319578533325, 707.456988532649, 662.7358990633578, 453.3434849058299, 798.8093036792384, 504.80640320722375, 638.1405472533113, 769.9797460476897, 429.23309906208056, 790.8968709211803, 638.1319895192623, 552.94701012315, 837.1036710181569, 489.0609472852201, 739.1843026099496, 762.1642326463342, 490.1459669516319, 856.5458569176268, 607.249356989586, 657.7568085149483, 854.5262580235452, 495.9481059802973, 828.0720421056536, 738.9442931822614, 574.5901179139195, 902.4927470898023, 580.2468391608137, 760.0273249708681, 852.2306015636276, 533.0273661870631, 901.1646336487934, 706.1843673828099, 672.0693492661954, 927.8636945627322, 569.0371929824282, 248.80612696202837, 832.9266529742985, 598.7607895243682, 955.7874142186203, 672.1965543265503, 773.0916033350162, 933.0155714854044, 583.9147995166766, 934.1606827676003, 801.2037318631519, 684.8860828442249, 990.3315023682867, 647.531934115034], [244.9319495383454, 131.1100554391432, 348.94169753565166, 170.84989141957584, 264.91435446146187, 379.95699121497876, 0.0, 408.20329709795016, 305.80683728399276, 208.90373712052187, 475.1868788145081, 150.3853178793115, 399.6232983481731, 439.0935646245608, 132.65635234059758, 521.9330699542331, 307.2747004818928, 342.05116723340257, 542.3280475471935, 157.73664743957275, 518.1267643549705, 453.8866920515075, 260.4044099148366, 603.4610892957229, 291.161936829449, 468.1627980073294, 574.7574872600319, 215.4074307869109, 616.5237361625246, 442.8187933064224, 386.5923889351746, 657.3508030851995, 281.7719766503719, 581.923544645608, 580.1805636545087, 308.76379710476937, 693.3919824634431, 418.44211533354945, 508.50615845511726, 685.6672651298649, 301.81887010982933, 680.1767794279779, 564.7270780621274, 418.88939906123625, 747.6683953642656, 395.2720882372926, 622.217640679434, 690.6258893494919, 360.23767806944807, 760.164248489577, 535.8444384935956, 534.3435254471124, 778.9686805450543, 390.62230640249334, 723.7327861281019, 675.5794670717904, 448.5061829197514, 819.7151437794121, 503.7795014917255, 647.4875620495066, 787.9437876334322, 418.67619122121295, 809.4553411455463, 645.7271576619241, 553.1339362595857, 857.5076275490383, 482.09652654142724, 752.445791001435, 776.6209750206187, 481.625470448051, 876.461046191453, 608.8286593538169, 663.0337992439416, 873.3087304348038, 485.2976377826793, 844.4577889578546, 748.792904725238, 570.4732614315435, 922.707895094728, 575.7281715825197, 769.939965639353, 868.2190535724002, 522.2304838990432, 919.7285474241203, 710.4977045445322, 673.1828197534339, 947.2270577805181, 132.26976288789797, 867.5426901707473, 844.9601946083889, 590.9998357326277, 975.4571305628018, 670.5011877425745, 779.3482878128245, 950.3203979994773, 572.3211052880444, 950.9497594740014, 808.2373167671731, 681.9398062609695, 1009.9382189304561], [272.5557130437233, 278.0139212538762, 132.25237061925816, 384.8387616891256, 184.2396618215399, 286.0891455273453, 408.20329709795016, 0.0, 434.61110755581797, 324.33149552794816, 220.32231095814734, 501.4945002602255, 155.75778423112985, 419.4837775392734, 460.24666064308826, 132.55846306896316, 545.8747571417564, 318.2722971932044, 354.3590172295987, 565.0532273090827, 153.50143209850395, 538.2038761883904, 469.8010310303067, 263.02152536847035, 626.1507448268256, 294.52859810212215, 482.3790753433549, 594.2579256327859, 208.75188536595104, 637.1605278386436, 453.1645732414326, 392.6542458793894, 678.6285032106953, 277.78149872857944, 598.2378123053809, 595.9191960922699, 305.06392925841465, 714.285752447373, 422.51666350549107, 518.0901162212006, 704.8975614335999, 293.5527556715306, 698.2954842698392, 575.8719347371234, 419.552146417805, 768.178854991798, 392.8014559008681, 635.0543672633083, 706.9488491753068, 352.56784680698354, 779.5036976771522, 541.5235423977875, 539.4660063416579, 798.2551715119295, 382.9134245603521, 739.3143467581884, 688.0312175205205, 444.5444012606916, 839.4953069756224, 503.41957805929616, 656.7307431121027, 805.0429846240891, 409.1645219607338, 827.089185853731, 653.350832631709, 553.8930888694052, 876.8095061495309, 476.0751772619909, 765.2447386767008, 790.5071511330958, 474.0980080412563, 895.3066044480353, 610.8666153936118, 668.4965910791079, 891.1184656592026, 475.69437107233136, 860.0837602691114, 758.4490059212859, 567.1474807095417, 941.8077406047479, 572.0171464578083, 779.6451662347774, 883.4703255869183, 512.4819890053772, 937.3183986894451, 715.0391931688332, 674.7509301494739, 311.6940131349861, 551.2136537029912, 880.7964019044888, 856.5871533254898, 584.1779542251757, 994.0368543283482, 669.4267452459, 785.6644339959421, 966.7451137546603, 561.792637785901, 966.9016899872986, 815.261170777017, 679.6775146553565], [167.12289556237923, 308.91734342564644, 306.7025876718269, 135.64510075342884, 417.31574807883766, 196.9009741859837, 305.80683728399276, 434.61110755581797, 0.0, 459.49948967251214, 341.8561104982845, 231.22402302630528, 526.437748054898, 161.15067456193074, 438.41648798865924, 480.41161413518466, 132.9655467719391, 568.6756341821249, 329.0226870210151, 366.33860808286715, 586.7299217318215, 149.9633524260096, 557.4188691604585, 485.1551662584304, 266.05900261491144, 647.7925166983597, 298.2711349573236, 496.17115075428995, 612.9375617631849, 202.8616962651601, 656.8875691827628, 463.3827294298448, 398.906344116876, 698.939239826308, 274.53654170119165, 613.9612962882177, 611.1096742853248, 302.09884497096357, 734.2254889935243, 426.9081461978321, 527.5924484528967, 723.2944306567721, 286.1015677833703, 715.6625651386917, 586.8077879875228, 420.72941250155316, 787.7396395038497, 390.999914603331, 647.542112254181, 722.6464325288954, 345.71892597222717, 797.9722901009131, 547.3769781732626, 544.7987191217894, 816.666971349326, 376.0263280134294, 754.3121493211568, 700.1426053097728, 441.29127817071475, 858.3482419591287, 503.59226024769123, 665.8685739017172, 821.4235556629438, 400.5006589680251, 843.9570501430757, 660.9787494909532, 555.1072142121405, 895.2042852250225, 470.82113305224345, 777.6499407687492, 803.9126755821587, 467.37922931712336, 913.2716341934636, 613.266707196314, 674.0957082897907, 908.1255274113443, 466.94267002522093, 875.0781470042863, 767.9325329696712, 564.4633206927774, 959.9914328300626, 568.9618964292304, 789.1664883285573, 898.1090682662701, 503.58675099777565, 954.1056531098084, 719.7547713513296, 215.54591885972414, 982.9824391937311, 543.623027379046, 893.582548663489, 867.8699013262869, 578.1220464283499, 1011.7216952835029, 668.8537502515577, 792.0174058160023, 982.4436998408239, 552.1311900971986, 982.1622436574077, 822.2656843507084], [328.35175874565755, 151.75675093673743, 339.87276195152356, 332.58996810361316, 140.11419771079784, 447.2501990977314, 208.90373712052187, 324.33149552794816, 459.49948967251214, 0.0, 483.10449436204925, 358.5267484684631, 241.6670007855519, 550.2149349945676, 166.51343440105373, 456.5437260179184, 499.72142470841356, 133.7547545496053, 590.4978153072568, 339.5227229760206, 378.0025780445234, 607.5067065132912, 146.99022089745944, 575.8873979258159, 500.0087348641271, 269.4089631366963, 668.5400926619678, 302.29025031534735, 509.5769160199562, 630.9095191624091, 197.59910454259597, 675.836291001427, 473.4611002814093, 405.2841000958587, 718.4271695140333, 271.9029066472726, 629.1686775417082, 625.8193940327029, 299.7366157646023, 753.3553751948572, 431.5385751462935, 536.9999198373466, 740.9806354266013, 279.3235837200537, 732.3863314963992, 597.5456212051432, 422.31933600003407, 806.4969025549652, 389.7470787123516, 659.7181903776687, 737.8058521857624, 339.55168529448196, 815.70282288123, 553.3561902556953, 550.2879648116334, 834.3382572627148, 369.8225847806868, 768.8078985740385, 711.9525877839569, 438.62486201887305, 876.4187196043657, 504.1994525059852, 674.9011884556206, 837.1927769426177, 392.5410751913879, 860.1751069431451, 668.5941929642436, 556.6908167768323, 912.8341747676733, 466.20611688754764, 789.7125629840098, 816.9040133954015, 461.33478645836254, 930.4940926796864, 615.9586870271121, 679.7956284425169, 924.4541664767366, 458.9002009902128, 889.5349893979143, 777.2588394814483, 562.3115507911351, 977.4040995739425, 566.4514411970086, 798.5218613645461, 912.2266898450488, 495.40276943086377, 970.2154967243938, 243.9537253207763, 678.9052750569339, 999.6984672968749, 536.7163067165671, 905.96816038209, 878.8545493959723, 572.7058423616558, 1028.6538332760078, 668.6949261785359, 798.3911082497062, 997.528661122763, 543.1925289034274, 996.8379779645405], [242.50062242971626, 372.4180870199559, 143.28756956169164, 367.605202634376, 356.4316852941819, 145.12006971681407, 475.1868788145081, 220.32231095814734, 341.8561104982845, 483.10449436204925, 0.0, 505.60662562059684, 374.45709629903286, 251.70070612125622, 572.9795667390549, 171.8165007741009, 473.962502847859, 518.2806864866841, 134.8368874446917, 611.46654114805, 349.7765886553005, 389.3664301738038, 627.4981614261328, 144.48349995026706, 593.6996424373705, 514.4107366519206, 272.99296000232937, 688.5108994547306, 306.51385557558154, 522.6285476895699, 648.2612194714293, 192.8610568798095, 694.1073281835827, 483.39376681990126, 411.7413835673741, 737.2020348938458, 269.7792375522958, 643.9183796478164, 640.1012948331332, 297.8774988995629, 771.7849274741161, 436.35044200400336, 546.3046665020457, 758.0497912827867, 273.11227841586816, 748.5496347793758, 608.095566376707, 424.2452765133327, 824.5613801611504, 388.9518255665401, 671.6123135220512, 752.4940771145656, 333.96116217970626, 832.7960580304327, 559.425497253492, 555.8940608408972, 851.3707632558351, 364.19775718622867, 782.8642499110747, 723.4917489170695, 436.4527731573726, 893.8162673395155, 505.1669990352236, 683.829705307464, 852.4322629179942, 385.17760915750563, 875.8315728406781, 676.1853546166259, 558.5793521996146, 929.8067370767052, 462.1330667971708, 801.4720774649038, 829.53211889997, 455.86316975438757, 947.0783473709943, 618.8896270321528, 685.5699975956618, 940.1985171408828, 451.45960909850254, 903.5258259527602, 786.4402009327297, 560.609420370925, 994.1554114571848, 564.4017094085091, 807.7254525144003, 925.8927004734736, 487.8229118498956, 345.0583349481519, 729.5616742775376, 681.3728958221824, 1015.7889051567465, 530.3914706912043, 918.0043746929738, 889.5764621924374, 567.8338387327888, 1044.9407040300298, 668.8842011523849, 804.7737329715195, 1012.0852335588228, 534.8678392912389], [264.44206096409084, 251.04166131307022, 408.64377972922034, 138.20291912590218, 393.06256742424716, 378.6766949986172, 150.3853178793115, 501.4945002602255, 231.22402302630528, 358.5267484684631, 505.60662562059684, 0.0, 527.1476069305616, 389.73768565808155, 261.3671399133068, 594.8535583119346, 177.04287035310332, 490.7514367789082, 536.1736250525221, 136.1456655389932, 631.6812441950256, 359.79225503009076, 400.44651908998776, 646.7951378993794, 142.36760870000427, 610.9278050514283, 528.4021791492574, 276.7526524361409, 707.7972857839815, 310.88842952376507, 535.3537398987058, 665.062127186973, 188.5682544004868, 711.7799718970725, 493.1786912583906, 418.2445534274401, 755.3498365490865, 268.08681723205257, 658.2573664611951, 653.9980958924713, 296.44395806362326, 789.5997793459011, 441.3003072290407, 555.5023023089137, 774.5753713663622, 267.3852827661654, 764.2176940368377, 618.4669702218415, 426.44803566184186, 842.0194420011709, 388.54325197796885, 683.2487895770199, 766.7640221564717, 328.86593879633165, 849.3306913138952, 565.5580424782399, 561.5869517341508, 867.8438853857998, 359.07077126311987, 796.5306491278093, 734.7847905116761, 434.70302594471144, 910.6261793497692, 506.4372856650125, 692.6558387376627, 867.2059185456648, 378.32639405840195, 890.9953935106186, 683.7437533328359, 560.7227464723818, 946.205710603485, 458.52640763130324, 812.9598293103926, 841.837199352648, 450.8854519688395, 963.1056641869118, 622.0185527078384, 691.3987625204951, 955.4319811511717, 444.5375752864486, 917.1066680251438, 795.4867220146957, 559.2924350083031, 1010.3306682960584, 562.7471766404685, 816.7887920391859, 939.1615033287931, 189.82170327551626, 1000.7611173229587, 734.6012926781465, 684.0442143440271, 1031.3341462016185, 524.5692152656611, 929.7313497019808, 900.0635647724303, 563.4317000656603, 1060.6658606069082, 669.3701265725651, 811.1564091719996, 1026.1798788276083], [359.9033360155959, 276.5257771152264, 261.76221537684967, 440.58943207014727, 135.1479000476292, 416.77805122829153, 399.6232983481731, 155.75778423112985, 526.437748054898, 241.6670007855519, 374.45709629903286, 527.1476069305616, 0.0, 547.8411451091944, 404.44199495584564, 270.70207872178725, 615.935771915074, 182.18323474701623, 506.975368695055, 553.4693772195156, 137.63093055990268, 651.2226215817341, 369.57952520032444, 411.2590300998326, 665.4713039461391, 140.5832137288371, 627.6309376837897, 542.0178913180799, 280.64387862004753, 726.4735960603978, 315.3735322300395, 547.7765890503233, 681.368690773809, 184.65825918733634, 728.9181615696044, 502.8162863238353, 424.768693975403, 772.9395749452351, 266.7631216881747, 672.2242213579323, 667.5450200085736, 295.37435556076156, 806.8684884793377, 446.35473046462175, 564.5907478951282, 790.6164041879229, 262.0774242570477, 779.4430556229177, 628.6684630956, 428.88091944730957, 858.9400619806206, 388.46495052633577, 694.6479370857769, 780.6584767351918, 324.20137994810585, 865.3696464150764, 571.733230281147, 567.3434285389031, 883.8210603788035, 354.3772120758567, 809.8470358167409, 745.8521226189009, 433.31822946744717, 926.9164600021337, 507.964554787211, 701.3816612074703, 881.5649671265523, 371.92087774751246, 905.7217309786122, 691.2632399737662, 563.0812918712389, 962.0978363917875, 455.3259110194232, 824.201300041524, 853.8517335855271, 446.33881856302855, 978.6408235382978, 625.3130452161594, 697.2663564771929, 970.2131512064168, 438.0679161095133, 930.3224091701443, 804.4069152567207, 558.3091607276718, 1025.997789566266, 561.4355833030012, 825.721489125812, 349.34070876325995, 474.15996851754966, 1015.3296410760857, 739.7065794463184, 686.8878163872483, 1046.398235174671, 519.1864414988221, 941.1813716604994, 910.3384360897205, 559.4402018713436, 1075.8958226991099, 670.1117172976916, 817.5323513291961], [221.86450285511754, 401.25032402396977, 289.78157576912497, 273.132395818264, 469.67058788387953, 133.4335785227762, 439.0935646245608, 419.4837775392734, 161.15067456193074, 550.2149349945676, 251.70070612125622, 389.73768565808155, 547.8411451091944, 0.0, 567.7801288600137, 418.6306295954941, 279.7361596082697, 636.3077692440615, 187.23307720276213, 522.6885682933712, 570.2256025778971, 139.25415741292483, 670.1573593006261, 379.1489345996896, 421.8194736411388, 683.587504248856, 139.08283317662563, 643.8581880465838, 555.2878161018674, 284.6327324680547, 744.6008471339035, 319.9381776738147, 559.9182511357626, 697.2276366134353, 181.08096240306804, 745.5744541548223, 512.308518268083, 431.2951416697075, 790.0277010611213, 265.75756553483393, 685.8512128489749, 680.7716244693347, 294.61878574340784, 823.6470263823838, 451.4875750829775, 573.5694787233849, 806.2212406100051, 257.13614485406345, 794.2688775574195, 638.7080251181062, 431.5064636028633, 875.3794119216989, 388.6712237829169, 705.8270374582651, 794.2127105694846, 319.9151782003426, 880.9642269506345, 577.9350321258529, 573.1452900018004, 899.3539722159833, 350.0649061110182, 822.8462974906251, 756.7109253165988, 432.2517586936402, 942.7423986428207, 509.71180508348715, 710.0094531400496, 895.5512715843897, 365.9072252122067, 920.0555855719226, 698.739343125077, 565.6229313888236, 977.5373560990748, 452.4826465916324, 835.2176089309612, 865.602470884589, 442.17230368815893, 993.7364805179934, 628.7469939091029, 703.1605006254347, 984.5897174105692, 431.99703817832625, 943.2097376207035, 813.2080870999215, 557.6177941247684, 1041.211919439456, 560.4244484996512, 321.35470459498214, 964.6738618151273, 467.9572620966972, 1029.4961790196664, 744.8634707001073, 689.878318621126, 1061.033194782382, 514.191964374787, 952.3809089703824, 920.4196940913278, 555.8112378258026, 1090.6845890775235, 671.0757045411383], [361.81704461293936, 200.81518585287526, 435.30606412991386, 303.1938185002142, 284.63334472179275, 496.6332977299241, 132.65635234059758, 460.24666064308826, 438.41648798865924, 166.51343440105373, 572.9795667390549, 261.3671399133068, 404.44199495584564, 567.7801288600137, 0.0, 587.0416084931451, 432.35427150126725, 288.4957805861049, 656.0378227761094, 192.19089184817656, 537.9370293497183, 586.4910368567469, 140.98539056338203, 688.5414038590553, 388.5111288864879, 432.14245423994123, 701.1947720889181, 137.8278516598151, 659.6510620588527, 568.2379603663755, 288.6928808087943, 762.2299351214808, 324.55835563009055, 571.7974435064503, 712.6782457292877, 177.79549662844693, 761.7927505732258, 521.658329616521, 437.8098058730585, 806.6611629291216, 265.0285898813934, 699.1657315028326, 693.7030773799722, 294.13622097538104, 839.9818487669903, 456.67816006054426, 582.4390275860795, 821.4301360148263, 252.5183737069475, 808.7311845652814, 648.5930473430553, 434.29418223722456, 891.384000236874, 389.124487661233, 716.8010002641942, 807.4562656770025, 315.96431148241066, 896.1569560810636, 584.1508275682165, 578.9780830441297, 914.485428259854, 346.09090387391893, 835.5559558543591, 767.3758842304785, 431.4651333708678, 958.1496945264909, 511.6486643325369, 718.5416055382115, 909.1996090880623, 360.2411792430925, 934.0342744910397, 706.1688240301585, 568.321395808814, 992.5690846475555, 449.95621412078066, 846.0265457534458, 877.1118034729907, 438.3438768034841, 1008.4361439345264, 632.2990551294752, 709.0713834861305, 998.6011381326084, 426.28083385196334, 955.799130784749, 821.8966053545411, 557.1838148446682, 1056.018571781726, 249.81892335008908, 843.2264971962045, 976.9825981404001, 462.11181342344696, 1043.3003361316978, 750.0605824658311, 692.9948965350891, 1075.281981557434, 509.5435812525533, 963.3520197692269, 930.3229459818813, 552.5050909553596, 1105.076719619381], [339.6759445673304, 396.0351233754868, 187.04922989091176, 465.4005026627394, 316.44270231443306, 296.04700881727035, 521.9330699542331, 132.55846306896316, 480.41161413518466, 456.5437260179184, 171.8165007741009, 594.8535583119346, 270.70207872178725, 418.6306295954941, 587.0416084931451, 0.0, 605.6903401831976, 445.6558134217507, 297.00383225391676, 675.1837944236119, 197.05706703217447, 552.7601547678998, 602.3073474962388, 142.80109605451716, 706.4222974760066, 397.6765158080334, 442.24158741757697, 718.336474166085, 136.78643130400474, 675.0450483148174, 580.8911108219522, 292.80367916241323, 779.4039026940065, 329.2152926544002, 583.4308362688595, 727.7539758275753, 174.7680683038709, 777.6102263309901, 530.8692603311746, 444.30199759388677, 822.8795555120811, 264.5416073365361, 712.1913203872126, 706.3610749290589, 293.8924960461764, 855.9120600555478, 461.90995602272335, 591.2006475569746, 836.2770748379254, 248.18832750680752, 822.860464088359, 658.3303873032445, 437.2189727915877, 906.9928824690722, 389.79343523272973, 727.5828428291119, 820.4142268142072, 312.3129016856865, 910.9835782805372, 590.370587901411, 584.8302144576961, 929.2513861782317, 342.4193557164165, 847.9993612405169, 777.8597161134214, 430.9261683275818, 973.1766569798388, 513.749884910456, 726.9805557620856, 922.5392767659308, 354.88585106899313, 947.6891800766107, 713.5493651063563, 571.154886439039, 1007.2305736667477, 447.7127931921121, 856.643303273594, 888.3987380164838, 434.81839103010395, 1022.776274205288, 635.9515629579121, 714.9910822863461, 1012.2805221744262, 420.88249616717985, 968.1162631078107, 830.4780904576671, 556.9783293561375, 409.7257784549147, 559.1689142728245, 851.8120227964955, 989.027799070859, 456.5868290375499, 1056.77531813077, 755.2885908393712, 696.2202447395158, 1089.1805672369878, 505.2060076920085, 974.1133462580094, 940.0614603352249, 549.488511416278], [273.57827809005164, 362.2037375876293, 424.9385183629301, 176.94745874902836, 492.85263632228936, 329.4092872146401, 307.2747004818928, 545.8747571417564, 132.9655467719391, 499.72142470841356, 473.962502847859, 177.04287035310332, 615.935771915074, 279.7361596082697, 432.35427150126725, 605.6903401831976, 0.0, 623.7813706278037, 458.571937376818, 305.28028811981295, 693.7952522198548, 201.83317264065207, 567.19202046401, 617.7105138888204, 144.68262178737467, 723.8408881004901, 406.6550771931956, 452.1294959905984, 735.049877876527, 135.93201178126196, 690.0708143443137, 593.2673849874012, 296.9488186386676, 796.1595844554159, 333.8942041048754, 594.8333630312071, 742.4836470662113, 171.97039690894894, 793.0587344995312, 539.9451956645582, 450.7635939747409, 838.7166776967753, 264.2675136288074, 724.9484333381896, 718.764517872113, 293.8588471794597, 871.4709793029141, 467.16964285272127, 599.8560792950437, 850.7910935139258, 244.11592317984028, 836.6828254367583, 667.926418970694, 440.2599568885769, 922.2392588885059, 390.6517041430794, 738.1840452814857, 833.1081457726767, 308.9306682417279, 925.474507352633, 596.5862869450383, 590.6923087866062, 943.6824197165902, 339.0199775642259, 860.1965608550709, 788.1735544795141, 430.6076338935768, 987.8557949163708, 515.9942518960721, 735.3287447470299, 935.5952548375029, 349.810124986778, 961.0470151539952, 720.8793467045992, 574.1051194139241, 1021.5536745184771, 445.72373304715666, 867.081010495338, 899.4796013619346, 431.5661006997085, 1036.787799279749, 639.6897393875994, 720.9131445011341, 1025.6559897516556, 415.77094073027223, 980.1830258140609, 838.9575560111494, 271.83715405646535, 1084.5560159470986, 558.8702532737783, 860.2937407897655, 1000.83069112852, 451.35122344311105, 1069.9493052972357, 760.5397832625639, 699.5398235128121, 1102.7594425946359, 501.1493861383092, 984.6808354964189, 949.6466549790778], [419.355966422509, 263.20136236155133, 382.73720445446935, 450.8500065659935, 169.1178073456278, 518.3547961454883, 342.05116723340257, 318.2722971932044, 568.6756341821249, 133.7547545496053, 518.2806864866841, 490.7514367789082, 182.18323474701623, 636.3077692440615, 288.4957805861049, 445.6558134217507, 623.7813706278037, 0.0, 641.3619619492356, 471.13430445692603, 313.34268082818676, 711.9150595694766, 206.52149902131382, 581.2623410632912, 632.7318747667089, 146.6150731376172, 740.832609450062, 415.45627560102696, 461.8178478307686, 751.3673222637871, 135.24220899872492, 704.7551068504077, 605.3846627776409, 301.1153358039147, 812.5288281642355, 338.5833814212862, 606.0184712971286, 756.892328326567, 169.37856617841683, 808.1658482959091, 548.8901968151783, 457.1884308362804, 854.2016854296395, 264.1815851253019, 737.4550054575774, 730.9300216354803, 294.01082898841196, 886.6872986552572, 472.44641455693136, 608.4073879881156, 864.9972613443143, 240.27560690531786, 850.2208606229985, 677.3870774773599, 443.3996194341569, 937.1516551141959, 391.6768876395714, 748.6148194716296, 845.5567290162397, 305.79178639787716, 939.6558974416698, 602.7914668373846, 596.5567343091318, 957.8048025080163, 335.8669179213675, 872.1649441611161, 798.3272390894298, 430.48626382655556, 1002.214990995722, 518.3637728439151, 743.5885884226386, 948.3890680980307, 344.98748055237866, 974.1307594337374, 728.1576838595616, 577.1566168182558, 1035.5656928999115, 443.96451007254495, 877.3511297010652, 910.368564807339, 428.5615661671071, 1050.4972346304394, 643.5011088577635, 726.8322786621, 1038.7516787056097, 410.9196404254751, 992.0182821350013, 357.11875929465543, 557.1585165156205, 1098.3467309798807, 558.7614083394719, 868.6765249359253, 1012.4095591567157, 446.37845745713855, 1082.8464679128017, 765.8077265001822, 702.9413005589453, 1116.0447283697965, 497.3481843222441, 995.0682736938779], [297.4082008788271, 461.7760485961472, 258.661828542788, 401.9206722923825, 474.7131279242735, 162.8528204477641, 542.3280475471935, 354.3590172295987, 329.0226870210151, 590.4978153072568, 134.8368874446917, 536.1736250525221, 506.975368695055, 187.23307720276213, 656.0378227761094, 297.00383225391676, 458.571937376818, 641.3619619492356, 0.0, 658.4730518091329, 483.3704668382254, 321.20648759637857, 729.5805903282762, 211.12475579166457, 594.9972197783108, 647.3989369047755, 148.5864787899464, 757.4284576267157, 424.0890171040022, 471.3174138298122, 767.3171098915101, 134.6979905414992, 719.121442035757, 617.2589297551881, 305.29287638577046, 828.5394190784152, 343.2735136701851, 616.9983267864533, 771.0020125296505, 166.97216233080965, 822.9556510730846, 557.708386741809, 463.57185378109125, 869.3599625788256, 264.26264604710155, 749.7268906774224, 742.8723084366195, 294.32749574627064, 901.5859572227675, 477.7314574415554, 616.8568477864203, 878.9174220024788, 236.64547351607487, 863.4942961840162, 686.7178990613086, 446.6231571089892, 951.7548117009887, 392.8497861945452, 758.8843167340908, 857.7763592954099, 302.8740278945213, 953.5504507061786, 608.9809122737122, 602.4172467186397, 971.6413251384024, 332.9379049174886, 883.9197320281846, 808.3295376242941, 430.5420061357073, 1016.2783859284671, 520.8430648626319, 751.7624587223811, 960.9394364704757, 340.3951061082066, 986.9603660324759, 735.3837048406311, 580.2961706928564, 1049.2902584146311, 442.4139420034988, 887.4637579315275, 921.0780412314444, 425.7828289396011, 1063.9275268879915, 647.3750558883786, 732.7441216105971, 1051.5885029580954, 406.3057481777533, 410.58452309727306, 855.6280585710596, 557.5052074480308, 1111.8518848457657, 558.8239972847457, 876.9647649642616, 1023.7803009318327, 441.6456636672766, 1095.4877314652035, 771.0870162669432, 706.4141293556734, 1129.059011971077, 493.7803656627782], [370.1947496324107, 288.8203684020879, 496.249641114768, 257.0172655724686, 420.0587676674174, 497.0341121363568, 157.73664743957275, 565.0532273090827, 366.33860808286715, 339.5227229760206, 611.46654114805, 136.1456655389932, 553.4693772195156, 522.6885682933712, 192.19089184817656, 675.1837944236119, 305.28028811981295, 471.13430445692603, 658.4730518091329, 0.0, 675.1503790301061, 495.3045773541234, 328.88544373387873, 746.8246727019921, 215.64587398391092, 608.4197390509671, 661.7360090930686, 150.5871633701784, 773.655748770489, 432.5616471372964, 480.6381341205652, 782.924197725948, 134.28304757205441, 733.1906437461074, 628.9045537525906, 309.473140041338, 844.2157917499446, 347.9571760805486, 627.7839819877959, 784.8321399892411, 164.7336167038342, 837.4493452474112, 566.4038732958361, 469.9103817752934, 884.2137900098186, 264.49242848621475, 761.7782030697357, 754.604513828086, 294.79077174208453, 916.1888116701607, 483.017552389148, 625.2068592167758, 892.5707637463241, 233.20659300891788, 876.5204952356526, 695.9240567299506, 449.9179771909137, 966.0703659864366, 394.15383145283556, 769.0007912084143, 869.7814981427343, 300.1581031575434, 967.1780368809868, 615.1504022770035, 608.2687170297163, 985.2119217080958, 330.21359320919663, 895.4743538637613, 818.1883184244085, 430.75744754697416, 1030.0670559244738, 523.4188830544364, 759.852671171293, 973.2627747151246, 336.0132201770515, 999.5533037043879, 742.5570594567641, 583.5124308855575, 1062.7479907191084, 441.0535854420463, 897.4278598925385, 931.618991118638, 423.21077976135336, 1077.0987002153058, 651.3024851928149, 738.6450604288086, 1064.1847340237732, 269.52028884998504, 1015.0578779712203, 863.8269244056238, 558.0012440960516, 1125.09230667537, 559.0420267311621, 885.1624429101389, 1034.9568530735382, 437.13297676587206, 1107.891363173661, 776.3730852688045, 709.9492252451455, 1141.821988450734], [422.3529997373709, 388.62802424733627, 285.63116789833356, 526.5109286841091, 257.11455850673894, 437.3378215016466, 518.1267643549705, 153.50143209850395, 586.7299217318215, 378.0025780445234, 349.7765886553005, 631.6812441950256, 137.63093055990268, 570.2256025778971, 537.9370293497183, 197.05706703217447, 693.7952522198548, 313.34268082818676, 483.3704668382254, 675.1503790301061, 0.0, 691.4253639133557, 506.9579489545846, 336.39179915823286, 763.676332876246, 220.08787593751362, 621.5504316963296, 675.7647058547195, 152.6092699321573, 789.5387155609073, 440.8819654204283, 489.78918589629006, 798.2107403695026, 133.98330896402877, 746.9812691139559, 640.3345103971966, 313.6494565123417, 859.5795865719906, 352.62843968993917, 638.3855165389311, 798.4000101109493, 162.64769683517937, 851.6657288323769, 574.9806979155985, 476.20145192369716, 898.7828675170964, 264.8550730399685, 773.6215870636206, 766.1384299251579, 295.38495964097467, 930.5151586935227, 488.29876766620987, 633.4598898568734, 905.97426459952, 229.94248770551556, 889.3148500649427, 705.0103921142636, 453.2733064495849, 980.1173826900981, 395.57463609607976, 778.9717301994966, 881.585001189357, 297.62715014665844, 980.5561757823228, 621.2965184587754, 614.1069209162869, 998.5341576245689, 327.677056346111, 906.8407428203369, 827.9106871920515, 431.11736459088, 1043.599539571892, 526.0797522649891, 767.8614770386563, 985.3735821148927, 331.82454412058485, 1011.9249793163182, 749.6776489373805, 586.7955833937561, 1075.9570175919227, 439.86726688661, 907.2514506615427, 942.0011619916752, 420.82866717466635, 1090.028359070958, 655.2755566400418, 744.5320942470445, 444.24373037336636, 397.71331920713357, 1026.289310960712, 871.9395423538335, 558.632880126002, 1138.0862883323575, 559.4014851106851, 893.2731934715903, 1045.951523097925, 432.8230129931781, 1120.073428385897, 781.6620538634229, 713.5387128648428], [296.13991087862365, 456.06994084241694, 405.95977859148974, 285.1097346805177,